-0.561654 2.10946
-1.98944 0.22868
2.19955 0.311249
0.601892 1.87326
-0.982525 -0.649319
0.935584 0.426434
0.503589 -0.623797
1.03258 -0.534483
-1.12512 0.364317
1.17172 0.0325937
-1.19636 -1.06203
0.0985754 0.892578
0.111312 -1.14609
0.661064 1.34298
-2.13595 -1.80924
-0.287709 0.0213775
-2.36333 1.0088
0.402235 -0.613754
-1.92586 0.890706
-1.81522 2.68806
0.468111 -0.535561
0.0347644 1.24233
-0.790475 -0.897005
0.193747 -1.21712
1.90384 -0.717842
-0.872491 -1.20119
0.332456 1.42244
0.598174 -0.579304
-1.09187 -0.0330717
-0.0483254 0.3226
0.251308 -0.250516
-0.884525 0.280295
0.4844 -0.112757
-2.11341 -0.26003
-1.63807 -0.192598
-0.247466 0.589222
0.467862 -1.10367
0.289214 -0.623703
1.03177 -1.18691
-0.284153 -0.0630232
1.46379 -0.455483
0.145104 1.96069
1.83275 -0.529094
0.0454818 1.88024
-0.418642 -0.528897
0.334047 0.646016
1.59593 0.0899352
1.21857 0.221996
0.324764 1.10604
-0.840757 1.57833
1.17144 0.774544
-0.553738 0.5639
-0.376799 -1.60827
-1.66684 0.732945
-0.848598 -1.29612
0.175566 0.141484
-0.809594 0.867369
-0.912999 1.97171
0.920233 1.06907
0.37231 2.02178
-1.42166 -0.139348
0.900145 2.17035
2.11967 -1.08884
-0.979651 -0.136956
-0.0343293 1.67406
1.27634 0.0603747
0.110947 0.194515
-0.0432546 2.26069
0.856289 -0.703949
0.00715076 0.556549
-0.122457 -0.269154
-0.679555 -0.891384
-0.162052 0.209159
-0.14863 -0.786288
-1.45832 -0.465718
0.33085 -0.50016
0.599064 1.1681
1.12027 -0.111527
2.07633 0.302716
-0.442597 0.0136812
-0.163167 0.516896
2.17395 0.237892
-0.362613 0.0409662
-0.155777 -0.570636
-0.233629 -1.83895
-1.78278 0.209301
-0.846086 0.121302
-0.971168 0.0697325
-0.657346 0.819211
0.39632 -1.23757
0.997333 1.46308
0.594479 0.440948
-0.149204 -0.33456
-0.378585 -0.389663
-0.258862 -0.868624
1.38893 -1.30432
-0.82477 0.901644
-0.312764 -0.466664
-0.113489 -0.929347
-0.248603 -1.27388
