-1.48558 -1.11074
-1.5164 1.30733
-0.0357478 -1.03253
0.886869 -1.37807
-0.80841 0.721603
0.662139 0.432538
0.612211 -1.11272
1.66999 0.820664
-0.369224 -0.383578
-0.767791 0.446571
-2.3394 -0.160695
1.70284 -0.265532
1.08702 0.700657
0.432951 -0.118687
-1.30204 1.6126
0.18697 0.123354
0.27515 0.166108
0.104064 -1.00125
-0.10684 0.31747
0.297522 -1.76845
-0.0549383 0.586534
-0.0477957 -0.228379
0.371052 0.967027
-1.40727 0.0766849
-0.314692 -0.176296
0.373898 1.44837
-0.568226 0.133929
1.28646 0.512511
-0.577563 -0.3232
-0.611807 1.23156
0.243372 0.884252
-0.593059 -0.45609
-0.568037 0.763445
-0.161451 -0.869785
1.12199 0.268249
0.231807 0.343323
-0.230613 2.41482
-0.760742 -0.766078
-1.4836 -1.25949
-1.21082 0.629103
0.131868 0.582048
0.152437 -0.816824
0.918318 -1.47994
-0.389196 1.64072
1.79463 -0.153673
1.16397 -1.20185
0.68551 0.624318
1.0637 -1.07426
0.73849 1.46839
1.08533 -0.621044
0.43683 0.30135
0.393263 -1.61331
-0.820873 -0.6459
0.706586 0.271393
0.434435 -0.166692
-0.520812 -2.00326
-0.469433 0.910077
-2.15745 -0.925437
0.436043 0.340413
-0.0203413 0.202881
0.277727 -1.53418
-0.933177 1.14219
1.47286 -0.049965
-0.319184 0.95017
-1.30019 -0.771032
-0.808125 -0.857067
1.81466 -0.428552
0.276832 1.71166
-1.00419 0.96692
0.927028 0.228987
-0.492212 -0.0961782
-0.6491 0.367492
0.969997 0.243627
0.559299 0.465116
1.02138 -1.96866
-0.817043 1.4443
1.46912 0.309245
0.111296 -0.849802
0.885044 0.940708
0.155521 -0.243391
0.953588 -0.396221
-0.974996 -0.0103491
2.01123 -2.04478
0.408344 0.359761
0.00300518 0.92991
0.476159 0.0482118
-0.108826 2.11223
-1.74164 0.206215
0.379645 0.26936
1.15706 0.408011
0.148402 0.0367403
-0.88932 -0.358598
0.0226914 -0.0833485
1.62831 -1.98205
-0.0972114 0.156353
-0.152554 0.838373
-0.479695 -0.0358164
1.52963 0.632211
-0.513317 -0.241843
-0.218204 -0.315742
0.382051 -0.928244
-0.45572 0.785897
0.951314 -0.0896427
-0.811473 1.80942
0.559331 -1.7419
-0.46379 -1.09974
-0.679843 -0.607331
-0.56766 -1.31894
1.00828 0.307579
2.05858 -1.42298
0.53471 -1.62844
-1.6678 -0.193924
0.99655 -0.0958877
3.42791 -0.884088
-0.882317 0.432851
-1.32764 -0.831606
0.73633 -1.28355
-0.733336 -0.189348
-1.15743 -0.944679
1.78884 0.823373
-1.23688 -0.860027
1.13713 -0.789025
0.70131 1.27892
-1.47862 -0.711504
0.314787 -0.155026
0.475519 -1.34656
-1.0665 1.28365
-2.02895 -0.986564
0.187974 1.88643
-0.839848 1.20479
-2.19592 0.372803
-1.52119 0.401293
0.0246405 1.05583
-1.02357 -0.657254
-0.688157 -0.584251
-1.88112 0.774445
-0.012012 -1.42218
1.01586 0.353379
-0.21148 -1.39054
-0.0591189 0.43622
1.86424 -0.279001
2.47806 1.76119
1.43609 -0.967467
0.384215 0.563373
-0.122111 -0.59193
1.03533 1.03069
-2.77301 -1.7187
-0.662354 -0.836243
0.326982 0.492952
0.520157 -0.148017
1.04352 1.84149
0.86525 -0.232072
-1.17741 -1.38632
-0.665061 1.48118
-0.694126 0.248795
-0.675553 0.644375
1.15216 -0.238015
-0.0905074 -1.12088
-0.267525 1.21099
0.789959 -1.94358
0.724148 0.120803
-1.8482 -0.336226
-0.179817 -0.776297
-0.173306 -0.686176
1.01315 0.703605
1.63912 0.244399
0.217299 -1.00164
1.291 -0.095236
-0.495419 0.00686511
-1.52275 -2.25061
0.079457 -0.0682427
1.11042 -0.138389
-0.190322 -0.440364
-1.47597 0.442505
1.48889 0.846115
-0.00770447 -0.330295
-0.652926 -0.659619
0.364002 -2.16049
0.176671 0.943923
-1.80987 -0.375036
-0.392209 -0.691174
1.21188 0.288454
-0.772373 0.911844
0.0954129 0.0788679
2.76251 -0.372157
0.131209 0.343875
-1.87456 -0.530723
0.500006 -0.507322
1.61656 -0.0946748
0.866931 -0.868495
-1.02945 -1.53746
-0.551664 1.69859
-1.04818 -1.36782
0.0163234 0.223892
-0.123209 0.502175
-0.269747 0.644364
1.52304 0.215965
0.110902 -0.468808
-0.241337 0.717977
0.372459 0.489607
1.325 0.443611
0.721532 -1.66063
1.14216 -1.63133
1.37585 0.586176
0.494237 -0.055208
-0.843573 1.01188
-0.203146 0.299455
-0.829311 -1.04106
-0.291573 -2.03861
0.64706 0.803241
1.03897 1.15656
0.348205 1.42557
1.20503 0.329828
-1.90938 -0.76637
-0.68884 -0.81517
0.635749 1.22033
0.385479 -0.539118
0.322205 0.0178426
-0.773072 0.097896
-1.05031 1.21706
2.21268 -0.377452
-0.563025 -0.865802
-0.890484 -0.213216
-1.03419 -0.286577
-0.351564 -1.18866
-0.383678 -0.369766
0.922159 -0.694104
0.366073 -1.4137
-0.150715 -1.14011
-0.574759 0.29962
0.391054 -0.332619
-0.617589 1.16544
-0.0551731 -1.23986
1.23815 1.26634
-1.5074 0.963981
2.7757 0.717112
1.20806 -0.473732
0.229571 1.57035
0.498997 1.25485
0.932217 -1.9111
1.60331 1.48769
-1.29528 -1.30781
0.454582 1.52206
-0.0284779 0.277193
-0.787819 0.733477
1.06675 0.328355
-0.490006 0.220461
1.08443 0.349184
-1.12117 1.32205
-1.69483 -1.70788
0.335232 -1.36123
0.324694 -0.0301116
1.96729 -0.258539
0.712027 -0.721101
0.764516 -0.6876
0.338941 -0.388281
2.32084 -1.79691
-1.40826 -1.9791
-0.363502 -0.186912
0.355476 -0.840119
0.647543 1.33503
0.469367 -1.2243
0.61703 -1.06355
-0.543517 0.26224
-1.38776 -1.59044
-1.06045 0.527837
0.543519 -1.02667
0.947771 -0.262733
1.21175 -0.764974
-0.705858 1.77067
-0.556501 0.27674
-0.428046 -0.39072
-0.218764 0.00440292
-1.01207 -0.690876
-0.291557 -0.572503
-0.00469335 -1.41558
-1.83789 -0.764331
0.275321 0.38548
0.289519 -0.537248
0.291357 0.976251
-0.823563 -0.851073
-0.221491 -2.22137
0.209839 1.81785
1.48757 -0.224758
0.195097 -1.19971
-0.643832 0.73287
-2.02263 1.06869
0.0968716 0.0635007
-1.35055 0.166366
-0.280296 0.80721
-0.499178 1.00018
-0.178572 0.210679
2.39451 -1.86648
-0.158028 -1.71864
0.474434 -0.982806
0.296084 -0.438204
-1.70925 -0.226947
2.01278 -1.38052
-0.498465 -0.121763
-0.430117 0.911705
0.57777 0.1436
-1.12835 1.11527
1.75822 0.1906
0.75138 1.35102
-0.531181 -1.10765
0.304407 -1.66649
-0.402348 -0.910088
0.111373 0.89066
-1.10407 -0.248911
0.583878 -0.299166
-0.366653 -0.481903
-0.504862 -0.910942
0.0255812 -1.34848
-1.7307 -2.38119
0.441225 -1.2561
-0.881942 -1.40922
0.254107 -0.599438
-0.665652 -0.990353
-1.24923 0.208204
-0.248215 0.115308
-0.908179 -0.165097
0.563433 -0.165387
-0.458628 -0.812812
1.16322 0.0698492
-0.0408659 0.481782
2.20036 -0.480215
0.453561 0.135999
-0.311206 0.401312
0.579156 1.05178
-0.832566 -0.155109
0.82173 -0.488181
0.0248112 -0.394686
0.865052 0.588509
-0.469468 -1.00879
-0.506839 0.0284577
-0.718769 0.348711
-0.843363 1.15932
0.207878 0.691124
1.04989 0.549449
0.00107129 -0.13048
-1.39119 -2.18023
-2.00576 0.208129
1.01029 -1.52228
-2.37963 -1.04031
-0.633783 0.103863
0.645699 -1.63495
1.66151 -0.074881
0.400238 -2.1782
2.65195 -0.877139
-2.4786 0.155739
1.12033 -0.075895
0.270711 0.302149
0.996334 -0.670993
-0.0633826 0.266471
-0.67047 1.06837
-0.302917 0.479874
-0.411502 -2.24264
-0.825863 -1.93795
-0.435413 -0.0270766
-2.19974 -0.474628
1.10823 0.167821
1.46266 1.22688
0.732137 -0.305916
-0.806508 -0.769291
-0.990956 0.355126
-0.484594 1.09723
-1.09811 0.654058
1.41865 -0.573967
-0.814511 -0.354976
0.151703 -0.598427
-0.927048 -0.765828
1.04624 0.706331
0.902869 2.20356
-0.0754867 0.0530872
0.0901896 -0.416596
-0.823549 -1.06048
1.68312 0.889847
-0.34311 0.625173
-1.00071 0.473099
1.92808 1.09604
1.4269 -1.76062
-0.106608 -0.154781
1.33071 1.86017
-0.251286 -1.9142
0.869229 0.0939651
-2.77323 -0.132804
0.258277 1.9592
-1.04131 -1.3277
0.0731406 -0.520112
-0.928413 -1.54683
-0.655826 -1.42011
0.383058 0.543535
-0.802065 0.135385
0.3129 -1.94463
-0.959991 -0.0412877
-0.706269 1.31747
0.0715753 0.246806
1.20829 2.46478
1.06931 0.411567
-1.1877 1.90687
-1.9724 1.28346
0.30433 0.183927
-0.112606 0.654709
-0.719381 -0.990957
-0.207828 -0.835326
1.22487 2.17392
1.41873 -0.266785
-0.228408 0.709562
-0.806973 -0.234079
0.00889734 -0.383672
0.525316 1.79684
0.382214 -2.05389
1.23074 0.249801
0.499763 -0.200961
-0.683937 1.26736
-0.00745879 -0.911586
1.14762 -0.249223
0.970046 -1.74645
0.487868 1.8857
0.144402 -0.984967
0.493698 -0.505094
0.304976 0.695416
-0.948073 0.461334
0.256111 0.869885
1.28009 -0.585676
1.36939 0.676913
-0.657806 -1.10331
0.861548 -2.26815
-0.225102 -1.29045
-1.068 0.471807
-0.910614 -0.0287559
-0.793854 0.965797
-0.165932 -0.243729
0.978421 -0.222501
0.0490546 -1.23345
0.273839 0.656061
-0.0590168 0.287609
-2.29518 0.367372
-0.986294 -0.597054
0.180616 0.03643
-0.633868 1.20979
-1.7836 0.930906
0.176747 0.0530264
-0.447069 1.10792
0.79998 -1.17993
-1.25466 0.743833
1.23242 -0.527089
1.12617 -1.02807
1.2306 -0.513849
-1.13094 1.37489
-0.777465 0.626848
-0.764675 0.200799
0.528444 -0.117457
-0.0576688 0.0017508
-1.33695 -0.309542
0.6825 1.29632
-0.0202743 1.01452
-1.09725 0.359585
1.42197 -0.081863
-0.317743 1.68146
-0.173895 0.098491
-1.22977 -2.30258
-0.702066 -0.929347
0.0995946 0.0724745
1.92631 -0.685271
-0.0497724 -0.777081
0.338221 -0.903702
-0.176244 -0.238497
0.884118 -1.22972
2.11827 1.21701
-0.0550415 -1.13959
0.0586536 -0.612836
-1.07118 -1.85468
0.0516791 0.174278
0.90674 -1.54074
1.521 0.4767
-0.844273 -1.45121
-0.00599023 0.507192
-1.99261 0.235973
-1.11937 -0.847926
-0.309126 -0.425007
0.154333 0.640993
1.28292 -0.108465
1.40797 -1.30526
-0.0900075 -1.60762
-0.26046 -0.28044
-0.337123 -0.377329
-1.80188 -0.0297469
-0.832007 1.48522
0.611692 1.89414
0.308992 1.06883
1.10449 0.0811491
1.96618 0.448467
-0.725759 -0.0589848
0.780275 0.675241
1.0422 0.0677894
-0.628777 -1.4896
0.0797388 0.00893802
-1.5631 -0.912685
0.313519 0.96949
-0.815304 1.54684
-1.40995 -1.61448
-1.10433 -1.05809
2.26396 -0.452103
0.163572 0.505484
-0.974085 -0.0996777
-1.73283 -1.21936
1.16475 1.18808
-0.498633 0.0740929
-1.61146 0.844294
0.169038 1.06605
0.928435 0.339451
1.70891 1.99316
0.885995 -0.662849
0.628218 -0.142056
-0.0203022 -1.65254
0.035534 -2.17752
0.12897 0.449698
-1.20161 -0.220922
0.886577 0.850084
-0.13846 0.346406
-0.618018 0.313381
1.08344 1.9321
0.600025 0.458671
0.236098 -0.610335
1.3994 0.965067
0.972976 0.0702429
0.0886565 -2.11916
-0.817978 -0.529232
-1.31721 1.7177
0.23872 -1.04729
1.47182 -2.11982
-0.0368563 -1.00918
0.625321 1.18605
2.46419 -0.573584
-1.28772 -0.563886
-1.49468 -0.122418
0.310996 -0.193886
0.475416 0.233041
-1.29068 -1.00162
0.347307 -1.42586
0.615698 0.621729
1.02534 1.2965
-1.49666 -0.160212
-1.40519 -0.843427
-0.448479 1.23358
0.329686 0.0879075
1.41968 -0.517576
-0.897889 -0.470682
-1.03774 1.21962
-0.998186 0.264202
0.718402 -0.501289
-0.0108775 0.147392
-0.652921 -0.516856
1.22029 -0.469904
-0.175597 -0.135786
-1.27626 0.897281
1.31905 -0.84538
-1.23243 -0.112185
-0.955733 1.40972
-1.09078 1.39843
1.25893 -0.0137011
-0.807725 -2.54897
0.894432 -1.66518
0.310592 -0.349885
-0.372206 0.326145
0.271518 -0.436874
0.262079 0.0075608
0.3723 -0.693836
0.0365941 0.20841
-0.851815 -0.115801
0.014845 -0.823987
-0.106681 0.616574
0.0955723 0.959708
-0.546533 -0.57402
-0.0967298 -0.855351
1.87177 -1.04853
0.255136 -0.727939
-1.01086 -0.460091
-0.297642 -1.2206
-0.162962 -0.66238
-0.065625 -0.0906442
-0.116391 1.16008
0.227212 -1.18818
-0.98878 -0.313475
-0.917482 1.17195
-0.302424 0.964668
-0.818085 -0.242796
0.0764976 2.58504
1.89545 -0.0488175
0.896156 1.27791
1.2204 -0.736427
-0.237429 -1.23031
0.14352 0.498748
1.41346 -0.0422598
0.908519 1.10177
0.456422 -1.418
0.253198 0.0977135
2.161 0.4481
-0.236442 0.0496492
-1.48396 -0.613719
1.95309 -1.17789
0.26817 0.85383
-1.02623 -0.256136
-0.386583 0.275008
-1.36475 -0.522855
-0.147918 -0.0301314
0.589035 -0.172142
0.0409014 1.19732
-0.617735 0.684407
0.6114 -1.49657
-0.912912 0.587377
-0.356025 0.248129
-1.47187 0.00338599
1.47104 1.3557
-0.0792131 -0.950644
-1.26058 0.345794
-0.189317 -0.70541
0.0478023 0.801535
-0.542302 1.87668
0.598962 -1.23392
-1.46424 0.338321
1.17608 0.434512
-0.357685 0.190717
-0.597129 0.439273
0.0934438 -0.890995
-2.75976 -0.39532
-0.38726 -0.467464
-0.282122 -1.35077
-0.357268 -3.42648
-1.26286 -1.23367
-0.541079 0.286956
0.358628 -0.828505
-0.722128 -1.13312
-0.20592 0.397614
1.91183 -0.552863
-1.04445 -0.162853
-1.01039 0.0445091
-1.07995 -0.390938
0.230647 1.00397
0.788274 0.0378412
0.21052 1.40624
-1.65036 0.231798
-1.86453 -0.752209
-0.968 0.552595
1.22221 -0.225352
-3.11658 0.675917
0.617484 -0.6134
-0.573542 1.01127
0.574064 -0.842365
-0.106083 1.27666
-0.0174193 -1.47437
-1.23299 0.461733
1.98716 0.557051
0.606661 0.98188
-1.52387 2.61646
-0.306787 -0.151951
0.439096 0.985989
0.799525 -0.386788
0.958818 0.222757
-1.24247 -1.04216
-0.908676 -0.129735
1.04403 0.0358253
0.568859 0.9476
0.591393 -0.529894
0.712697 -1.62966
0.156413 0.701223
-1.06217 -1.21766
-1.28358 0.669395
0.141568 -0.417111
-0.149416 -0.75314
1.92925 -0.255762
-2.79628 1.32996
-0.246672 -0.508866
-1.13696 0.458159
-0.700122 -0.879521
0.248864 -1.21761
2.07824 2.68115
-2.77672 0.195126
0.702286 -0.352111
-0.456678 1.40821
0.461834 -0.479722
-0.574717 1.09047
1.02708 -1.54858
-0.420372 -0.255155
0.0147161 0.178932
0.66285 -0.912943
1.25515 0.547558
-0.570453 0.753698
0.510124 -1.2201
1.0162 0.389109
0.260741 0.195722
-1.13597 -0.321677
0.875512 -0.116321
-0.560776 1.76848
1.33289 -1.80733
1.24951 1.51169
-0.0871055 -0.644144
1.28516 -0.508896
0.90052 0.0053751
-0.568997 -0.259507
-1.17201 0.533001
0.545161 1.56113
-1.44693 -1.45528
-0.678124 -1.37411
0.403965 0.518017
-2.58611 2.00916
0.0801458 1.37505
0.747309 -0.534511
1.52008 -1.74833
1.79026 -0.995137
-0.0372609 -1.4138
-0.822624 -1.17234
-1.62202 0.673553
-1.04607 0.438616
2.41762 0.684937
-0.518592 0.19596
1.52904 0.4377
1.21554 0.84417
0.942068 1.73857
-2.5059 0.631431
0.177989 0.332688
0.792976 0.509791
-0.350729 -0.371177
-1.31786 -0.199544
-1.21982 0.228518
1.77779 -1.45039
-2.09518 -1.00664
-0.214947 -0.151959
1.86913 -0.973802
-0.284317 -0.380146
0.0929726 -0.302455
0.911173 0.386014
-0.0548057 -0.691317
-0.00594731 -0.0409565
0.0523889 -0.34192
0.0818534 1.19554
0.846226 -0.211605
1.25909 -1.75764
-0.0043297 -0.862624
2.19389 -2.53692
-1.01253 -0.515431
-0.430395 -0.255791
-1.60643 0.315812
0.812459 0.398957
0.800487 1.0681
-1.11412 0.150223
0.385413 0.737854
-1.9644 1.05405
1.11791 -1.55606
-0.88471 0.165751
1.32122 0.448169
1.61928 -0.0448604
-0.0321376 0.278808
-0.745384 1.88881
2.97876 1.23714
0.805901 -0.47693
-0.510349 -0.0707757
-0.0471891 -0.63194
-0.926433 -0.889322
-0.371125 0.275537
-0.65096 0.247163
0.728548 -0.663997
-1.36022 -0.107301
0.729878 -0.615139
0.524214 -0.53923
3.44033 0.0465307
0.640088 -1.19144
0.559127 -1.40088
-0.525912 0.562958
-0.8018 0.586445
-0.121621 0.366224
-1.71157 0.123448
0.887681 0.62379
-0.108616 -0.134568
-0.14272 1.1882
1.5633 0.128239
-0.0624216 -0.705971
-0.0923392 0.769278
-0.832792 0.185651
0.836184 -1.4704
0.514979 -1.3212
0.115966 -0.381813
-0.371366 0.184514
1.19205 -0.486484
-0.436206 0.0277075
-0.70116 -0.925089
1.70359 -0.57047
0.154456 -1.30499
0.696073 0.0693621
-0.108997 -0.0665211
0.70844 -0.84868
1.00572 -1.72474
0.475076 0.122303
-0.703873 0.740356
0.572851 1.51534
-0.659652 -1.01732
0.711515 -1.18071
0.701089 0.890597
0.0481669 -0.695875
-0.420421 0.41581
-0.26773 -1.3021
0.38057 0.463905
-0.180337 -1.09578
1.14028 -1.92299
-0.371702 0.518279
-0.0258082 -2.16485
-1.01243 -0.262799
0.464472 -3.09144
-0.0154621 3.24847
-1.62048 -1.29377
-0.997223 1.10009
0.629785 0.819928
-0.779939 -0.00454261
0.478665 -0.890503
-0.425343 -0.606864
1.49157 0.417157
-0.150509 -1.07454
-0.175579 1.66201
0.724665 -2.11343
0.30118 0.758773
-0.508415 -0.582019
0.564619 -0.361478
2.28043 -0.45867
-0.105471 -1.6743
0.842863 0.207242
0.521481 0.0664186
0.334398 -0.150285
-0.531342 0.787846
-0.554655 2.04673
-0.919702 0.715726
1.20045 -0.131973
0.206048 1.12378
-1.06764 -1.79792
0.538365 -0.944295
-1.18759 -0.234848
-1.31576 -0.406667
1.28032 0.0700065
1.18358 -0.579062
-0.222028 0.568638
-1.36259 0.349281
0.43682 0.72092
0.890945 0.982286
1.16273 0.280946
-0.34734 0.0185533
1.39465 0.775683
0.847248 -1.59054
-0.204552 0.881291
2.20805 -0.801189
-0.335874 0.10362
-1.45845 -0.276677
1.71192 -1.55654
1.10625 1.72531
0.149548 -0.447086
-0.499386 0.272157
0.217996 -1.24578
-0.273406 -0.387237
-0.132135 -1.33456
-0.340945 -0.438325
-0.805406 1.55506
0.587004 -0.685159
-1.95007 0.14345
-0.256576 -0.180737
-1.44805 0.388903
-0.919471 -0.309146
0.840439 2.14636
0.0497075 -0.371355
-0.226144 -0.25469
-2.19824 -0.0352299
-0.62897 -0.827093
-1.4825 2.11698
1.06916 -0.732467
-0.21407 -0.83136
-1.37123 -0.458289
0.0491639 -0.804263
-1.61729 0.914961
-3.20492 -0.560994
0.772579 -1.93437
0.130909 -0.172889
0.601847 -0.0355105
-0.543738 0.994602
0.791369 1.19916
-2.45528 0.210294
-0.485912 0.473214
-0.239885 0.659454
0.382437 -0.15517
0.907341 -0.140739
-0.103704 -0.391249
0.13915 0.496511
-0.661639 0.483732
-0.568596 1.74815
0.0248196 -0.881223
-0.837593 0.586561
1.81009 2.00603
1.55973 -0.971238
0.0699109 -0.937507
-0.913118 0.375587
-1.04632 -0.746168
-0.585818 -1.1481
-0.300814 -1.51484
0.451776 -0.603017
0.114393 -0.710107
-0.859808 -0.341323
-3.23163 -0.171751
-0.790014 -1.08983
0.956848 0.668019
-0.193482 -2.26156
-0.351825 -0.940556
-1.21851 -0.099265
-0.690086 -0.708756
-0.0609778 1.37473
1.00296 0.950879
-0.622214 -0.666696
0.138441 -1.79589
0.61073 1.54497
0.379284 -0.250019
-0.985238 -0.976012
0.66032 -0.50855
-0.649345 0.470911
-1.61336 0.548683
0.0149052 -0.400735
1.35307 -0.735525
-0.5148 -0.377999
-1.06503 0.500398
-0.634044 0.493167
-0.905629 -1.82717
0.374817 2.03301
-1.99075 -0.848746
-0.225585 0.224845
2.83037 1.29345
-1.29469 -0.591402
-0.255695 -1.21285
0.659036 2.14511
-0.39032 1.36847
0.926409 -0.754602
-0.239501 0.507813
0.515387 -0.0149739
1.13891 -0.298204
-0.134305 2.46198
-0.823159 0.813887
-0.677064 -1.84547
0.378796 -0.967845
0.917706 0.783574
0.121144 0.189939
-1.10134 -0.0410799
1.44956 -0.782656
-0.521543 0.00390184
-0.437765 0.897601
-1.31882 0.266898
-0.60339 0.0175046
-1.43478 -0.821992
0.745305 1.40747
1.14741 -1.95133
-0.451176 1.3865
1.94094 0.207726
-0.741508 0.420896
0.846128 -1.11398
-0.408826 -0.422869
0.564007 0.131936
-0.0931194 0.813503
-1.20251 0.98112
-0.932149 0.449607
0.129788 0.677009
-0.743016 0.624399
-0.161708 -1.59253
1.33703 0.281225
-0.611563 -0.364568
-2.2731 0.339925
-0.429292 1.67639
-0.379139 0.370865
-0.501226 0.887407
-0.0915888 -0.993014
0.46 -1.72148
-1.13037 1.20053
0.3283 2.04127
-0.618133 -0.388371
0.13028 0.519664
0.431168 1.07543
1.12532 1.88006
-0.760458 1.29478
-0.57325 -0.787483
0.743347 0.911631
-0.277115 -0.264038
-0.0817527 -0.301506
1.32894 1.52903
-1.28009 -1.00764
-1.36686 -0.0832451
0.673206 0.00103039
-0.609075 -1.46848
0.688435 -0.880643
-2.28553 0.232907
0.884798 -0.431558
-1.35932 -0.255419
-1.0517 1.07555
-0.585466 0.320648
0.467311 -0.449333
-0.374126 -1.43036
-0.512857 0.632598
0.399715 -1.04008
0.351847 1.41071
